-270 -6.458
-260 -6.441 -6.444 -6.446 -6.448 -6.450 -6.452 -6.453 -6.455 -6.456 -6.457 -6.458
-250 -6.404 -6.408 -6.413 -6.417 -6.421 -6.425 -6.429 -6.432 -6.435 -6.438 -6.441
-240 -6.344 -6.351 -6.358 -6.364 -6.370 -6.377 -6.382 -6.388 -6.393 -6.399 -6.404
-230 -6.262 -6.271 -6.280 -6.289 -6.297 -6.306 -6.314 -6.322 -6.329 -6.337 -6.344
-220 -6.158 -6.170 -6.181 -6.192 -6.202 -6.213 -6.223 -6.233 -6.243 -6.252 -6.262
-210 -6.035 -6.048 -6.061 -6.074 -6.087 -6.099 -6.111 -6.123 -6.135 -6.147 -6.158
-200 -5.891 -5.907 -5.922 -5.936 -5.951 -5.965 -5.980 -5.994 -6.007 -6.021 -6.035
-190 -5.730 -5.747 -5.763 -5.780 -5.797 -5.813 -5.829 -5.845 -5.861 -5.876 -5.891
-180 -5.550 -5.569 -5.588 -5.606 -5.624 -5.642 -5.660 -5.678 -5.695 -5.713 -5.730
-170 -5.354 -5.374 -5.395 -5.415 -5.435 -5.454 -5.474 -5.493 -5.512 -5.531 -5.550
-160 -5.141 -5.163 -5.185 -5.207 -5.228 -5.250 -5.271 -5.292 -5.313 -5.333 -5.354
-150 -4.913 -4.936 -4.960 -4.983 -5.006 -5.029 -5.052 -5.074 -5.097 -5.119 -5.141
-140 -4.669 -4.694 -4.719 -4.744 -4.768 -4.793 -4.817 -4.841 -4.865 -4.889 -4.913
-130 -4.411 -4.437 -4.463 -4.490 -4.516 -4.542 -4.567 -4.593 -4.618 -4.644 -4.669
-120 -4.138 -4.166 -4.194 -4.221 -4.249 -4.276 -4.303 -4.330 -4.357 -4.384 -4.411
-110 -3.852 -3.882 -3.911 -3.939 -3.968 -3.997 -4.025 -4.054 -4.082 -4.110 -4.138
-100 -3.554 -3.584 -3.614 -3.645 -3.675 -3.705 -3.734 -3.764 -3.794 -3.823 -3.852
 -90 -3.243 -3.274 -3.306 -3.337 -3.368 -3.400 -3.431 -3.462 -3.492 -3.523 -3.554
 -80 -2.920 -2.953 -2.986 -3.018 -3.050 -3.083 -3.115 -3.147 -3.179 -3.211 -3.243
 -70 -2.587 -2.620 -2.654 -2.688 -2.721 -2.755 -2.788 -2.821 -2.854 -2.887 -2.920
 -60 -2.243 -2.278 -2.312 -2.347 -2.382 -2.416 -2.450 -2.485 -2.519 -2.553 -2.587
 -50 -1.889 -1.925 -1.961 -1.996 -2.032 -2.067 -2.103 -2.138 -2.173 -2.208 -2.243
 -40 -1.527 -1.564 -1.600 -1.637 -1.673 -1.709 -1.745 -1.782 -1.818 -1.854 -1.889
 -30 -1.156 -1.194 -1.231 -1.268 -1.305 -1.343 -1.380 -1.417 -1.453 -1.490 -1.527
 -20 -0.778 -0.816 -0.854 -0.892 -0.930 -0.968 -1.006 -1.043 -1.081 -1.119 -1.156
 -10 -0.392 -0.431 -0.470 -0.508 -0.547 -0.586 -0.624 -0.663 -0.701 -0.739 -0.778
   0  0.000 -0.039 -0.079 -0.118 -0.157 -0.197 -0.236 -0.275 -0.314 -0.353 -0.392